0.00750661375661377
0.0351763668430335
0.00690035273368605
0.0485383597883597
-0.0244554673721341
-8.37742504409267e-05
-0.00311507936507938
-0.00250881834215166
-0.000568783068783052
0.00483906525573186
0.0274162257495592
-0.0408730158730159
0.0480291005291005
0.0347883597883598
0.039808201058201
-0.022200176366843
-0.0275595238095238
-0.0109237213403881
0.0187830687830688
-0.023994708994709
-0.0104387125220459
0.0159942680776014
0.0159942680776014
0.0485383597883597
0.0463800705467372
0.0159942680776014
-0.0061948853615521
0.00304453262786597
-0.0306150793650793
0.020626102292769
-0.0346891534391535
-0.0387632275132276
-0.0345436507936507
0.0368253968253969
-0.0256922398589065
-0.0547442680776015
0.0772266313932981
0.00721560846560854
-0.0143915343915344
0.0187830687830688
0.0533884479717813
-0.0235582010582011
-0.0235582010582011
0.0313205467372134
-0.0137125220458554
0.00823412698412695
0.0306657848324515
-0.0099294532627866
-0.0117724867724868
-0.0153615520282188
-0.0154585537918871
0.0306657848324515
0.0142482363315697
0.0153880070546738
0.0326785714285714
-0.0192416225749559
-0.0277292768959436
0.0133994708994709
-0.0245767195767196
0.000764991181657848
-0.0129850088183422
-0.0383752204585538
0.0128902116402116
0.0294047619047619
-0.0305665784832452
0.0480291005291005
-0.0241887125220458
-0.0331613756613757
-0.0257649911816579
-0.0061948853615521
-0.0611706349206349
-0.0200903880070548
0.00920414462081121
0.00144400352733687
0.000207231040564415
0.0100529100529101
0.0085978835978836
-0.00781966490299824
-0.0308575837742504
0.00411155202821867
-0.00849867724867726
0.0345458553791886
0.0159942680776014
0.0264219576719577
0.0277799823633157
0.0579717813051146
0.018613315696649
0.0124779541446207
0.0386199294532628
0.0153637566137567
0.00784611992945328
0.0499933862433862
-0.0192416225749559
-0.00187830687830681
0.00568783068783063
0.0244819223985892
0.021547619047619
0.0488778659611993
0.0024625220458554
-0.0101962081128748
0.0144179894179894
0.0678902116402116
0.000110229276895968
0.00568783068783063
0.00568783068783063
-0.0169378306878307
0.0488778659611993
0.0322905643738977
0.0763778659611993
-0.0235582010582011
-0.0268805114638448
-0.0500396825396826
0.0024625220458554
0.000207231040564415
-8.37742504409267e-05
-0.00277557319223987
-0.0152888007054675
0.0387896825396826
0.018613315696649
0.0167217813051147
0.0100529100529101
-0.0184656084656085
-0.0245039682539683
0.00241402116402112
-0.0409942680776013
-0.0277292768959436
0.0277799823633157
0.033939594356261
-0.0383752204585538
0.0458708112874779
-0.033234126984127
-0.0622619047619047
-0.0155070546737214
-0.0169378306878307
-0.0322156084656084
-0.0486331569664903
0.000886243386243324
0.0320723104056437
0.032363315696649
-0.0154585537918871
-0.00115079365079362
-0.00466710758377431
-0.0140520282186949
0.0555952380952381
-0.0168650793650793
0.0101014109347443
0.0388624338624338
-0.011602733686067
0.0181040564373898
-0.00878968253968249
-0.00250881834215166
0.0533884479717813
0.018613315696649
-0.023994708994709
0.0134479717813052
-0.00704365079365077
0.0318298059964727
-0.0022663139329806
0.0403174603174603
-0.0117724867724868
-0.00670414462081126
0.00961640211640213
-0.0256922398589065
0.00144400352733687
-0.00260582010582011
0.0488778659611993
0.0320723104056437
0.0085251322751323
0.00435405643738984
-0.017228835978836
-0.0160405643738978
-0.0120149911816579
-0.0388359788359788
-0.0238492063492063
-0.0162103174603174
-0.0240674603174603
-0.0155798059964727
-0.00612213403880069
-0.0438558201058201
0.0101014109347443
-0.0099294532627866
0.0164065255731922
-0.0275595238095238
-0.0160163139329806
-0.0238492063492063
0.0950507054673722
-0.0192416225749559
-0.00849867724867726
-0.0400242504409171
-0.0123059964726632
-0.0322641093474426
-0.0179563492063491
-0.0110449735449735
-8.37742504409267e-05
-0.00250881834215166
0.016794532627866
-0.00158730158730158
-0.0377447089947089
-0.046984126984127
-0.000423280423280437
0.0153152557319224
-0.0241887125220458
-0.0626984126984127
-0.0377447089947089
0.0159942680776014
-0.013833774250441
0.00568783068783063
0.0368253968253969
0.00823412698412695
0.00636684303350965
0.0244819223985892
-0.00878968253968249
-0.0253527336860671
-0.0473721340388007
0.0424272486772487
-0.0348831569664902
-0.00840167548500892
0.0459920634920635
-0.0229276895943563
-0.0152888007054675
-0.0547442680776015
-0.0151190476190476
0.0464285714285715
0.0286044973544973
-0.011602733686067
-0.046984126984127
0.00801587301587303
-0.0346891534391535
0.0321935626102293
-0.0104387125220459
0.0162125220458553
-0.028747795414462
-0.0206238977072311
0.022663139329806
-0.0117724867724868
0.0124779541446207
-0.0104387125220459
0.0458708112874779
-0.000859788359788394
-0.0278990299823633
-0.0129850088183422
-0.00175705467372134
-0.0128152557319223
-0.0128152557319223
0.00961640211640213
-0.0192416225749559
-0.013833774250441
0.0368253968253969
0.0256216931216932
-0.0238492063492063
-0.0154585537918871
-0.017228835978836
0.00568783068783063
-0.0440255731922399
0.00568783068783063
-0.0241887125220458
-0.0299603174603175
-0.0440255731922399
0.0033355379188712
0.0152667548500882
-0.0275595238095238
0.0153637566137567
0.0085251322751323
-0.0240674603174603
-0.000568783068783052
0.0018562610229278
0.0221781305114639
0.00304453262786597
-0.0233399470899471
0.0167217813051147
-0.0485119047619048
0.00411155202821867
-0.0117724867724868
0.00976190476190475
-0.0458928571428572
0.0678902116402116
0.0264219576719577
0.00690035273368605
-0.047420634920635
-0.023994708994709
0.0355158730158731
0.0133267195767196
-0.033234126984127
-0.0134215167548501
-0.0253527336860671
-0.0255224867724868
0.0763778659611993
-0.0302755731922399
0.022663139329806
0.033939594356261
0.0152667548500882
0.00180776014109352
0.00597883597883597
-0.0438558201058201
0.0205291005291005
-0.0123059964726632
-0.0170348324514992
0.0230753968253968
0.00568783068783063
0.00830687830687837
-0.0301785714285714
-0.0278990299823633
-0.00466710758377431
0.0238029100529101
-0.0233399470899471
0.0965057319223986
-0.0285780423280423
-0.0302755731922399
0.0693452380952381
-0.0154100529100528
0.0230026455026455
0.0181040564373898
-0.0247464726631393
-0.0207694003527337
0.0763778659611993
0.000110229276895968
-0.0231459435626102
-0.0687610229276896
-0.0322641093474426
0.00144400352733687
-0.00498236331569668
-0.039781746031746
0.0911463844797179
-0.0061948853615521
0.000110229276895968
0.00682760141093475
0.0386199294532628
-0.0400242504409171
-0.0153373015873016
0.031223544973545
-0.024673721340388
-0.0285780423280423
0.0099316578483245
0.0256216931216932
0.0153637566137567
0.00144400352733687
-0.0268805114638448
-0.0408730158730159
-0.00425485008818338
-0.0221516754850088
-0.0108267195767195
0.0387896825396826
0.0330180776014108
-0.0383752204585538
-0.0291115520282187
-0.0134215167548501
-0.0116269841269842
-0.00619488536155199
0.00690035273368605
0.0387896825396826
0.0230026455026455
-0.0229276895943563
0.0159942680776014
0.0088646384479717
-0.0155070546737214
-0.000423280423280437
0.00304453262786597
-0.036386684303351
-0.0170348324514992
-0.0285780423280423
-0.0169378306878307
-0.0124514991181658
0.0434457671957672
-0.0297905643738977
0.00721560846560854
0.00750661375661377
0.00597883597883597
-0.0145612874779542
0.00568783068783063
-0.0257164902998236
-0.0542835097001764
-0.0154585537918871
-0.0229761904761905
0.0181040564373898
-0.0145612874779542
-0.0231459435626102
-0.0205026455026455
-0.018562610229277
-0.0164285714285715
-0.0179563492063491
-0.00878968253968249
0.0480291005291005
-0.0209391534391534
0.0221053791887125
-0.0275595238095238
-0.010244708994709
0.00721560846560854
0.0221053791887125
0.0124294532627867
0.0438822751322752
-0.00311507936507938
-0.0400242504409171
-0.0119422398589065
0.0277799823633157
0.0133994708994709
-0.0397332451499118
-0.0451168430335097
-0.0061948853615521
-0.0302755731922399
0.0763778659611993
0.00755511463844794
-0.0542835097001764
-0.0383752204585538
-0.0162103174603174
-0.0329916225749559
-0.00781966490299824
-0.0116269841269842
0.0412389770723104
0.00721560846560854
-0.0397332451499118
-0.0384964726631393
0.0244819223985892
0.0950507054673722
-0.0255224867724868
-0.0103174603174603
0.0618276014109348
-0.0061948853615521
0.0488778659611993
0.0299867724867725
0.0421847442680776
0.0911463844797179
-0.0229761904761905
-0.0485119047619048
0.0230753968253968
-0.0542835097001764
0.0294047619047619
0.0271494708994708
0.0526124338624339
0.018613315696649
-0.0245039682539683
0.0950507054673722
0.032363315696649
-0.047420634920635
-0.00459435626102289
-0.00250881834215166
-0.00187830687830681
-0.00612213403880069
-0.00854717813051142
0.00411155202821867
-0.00849867724867726
-0.0531922398589065
0.036194885361552
0.0033355379188712
-0.0423280423280423
-0.0104387125220459
-0.0152888007054675
-0.0531922398589065
-0.022200176366843
-0.0153615520282188
0.0485383597883597
-0.0022663139329806
-0.0486331569664903
0.0533884479717813
0.0189285714285714
-0.0348831569664902
-0.0346891534391535
0.00588183421516753
-0.0123059964726632
0.000207231040564415
0.00677910052910058
0.0159942680776014
0.0153637566137567
0.0125992063492063
-0.0123059964726632
0.00597883597883597
-0.0420612874779542
-0.0184656084656085
0.0156547619047619
-0.0158465608465608
0.0167217813051147
0.00568783068783063
-0.0229276895943563
0.0386199294532628
-0.0306150793650793
-0.0241887125220458
0.0763778659611993
0.0085978835978836
-0.0377447089947089
-0.00697089947089946
0.00588183421516753
-0.017228835978836
-0.0104387125220459
-0.00675264550264554
-0.0278990299823633
0.00791887125220458
0.0911463844797179
0.0499933862433862
0.0763778659611993
-0.0160405643738978
-0.017228835978836
0.014345238095238
0.00360229276895951
0.00920414462081121
0.0387896825396826
-0.0143430335097001
-0.0231459435626102
0.00750661375661377
0.000764991181657848
0.00180776014109352
0.0187830687830688
