0.00665723501226234
0.00737673678289774
0.00285093973876249
0.00586252883650529
-0.00102335939885789
6.05984229234968e-05
0.00346783727523992
0.00927733812548215
0.00102298710177762
-0.000266584807852799
-0.00628448990063746
-0.00369469930010125
0.00265851467184763
0.00685136716157797
-0.00275072349008432
-0.00276022921096064
0.00335114944177162
0.0014137781237108
0.00108650871649019
-0.00175919334107855
0.00393900620845733
0.00546007054957809
-0.000606013435465291
0.000175729456227458
-0.00398607855688737
-0.00299825951855681
0.00481092490701596
-0.00333205964898575
-0.00125022602077418
-0.00171886046638225
-0.00199856121804409
0.000531818856029265
-0.001363962846197
-0.000971656203329951
0.00143525098654629
-0.00271563492519666
-0.00288561922165387
-0.00116252246862458
-0.00270984383392592
-0.0044842914143115
0.00424157999540264
-0.00548352329553703
-0.00260379095169228
-0.000859371410165455
-0.0039433178085938
-0.0036205780663463
-0.00118476960530645
-5.06859458631048e-05
0.00184892951426807
0.00213587160359396
6.44360457270343e-05
0.0017915556651521
-0.00307477883984308
0.00101261232011141
-0.000714293697981483
0.00967447511701069
-0.00037482733850891
-0.000199190024085971
0.000560096591608272
-0.00362720026388375
0.000277846423328065
0.00234166973112748
-0.00265834071960269
-0.0022082284078716
-0.00273329799118582
-0.00357004666689698
-0.00194866632973423
0.00124220534384556
-0.00126187983191761
-0.00222456665242265
-0.0025856937527664
-0.00108786227660618
0.000478810172578115
-0.000109954871837736
0.00234623873340889
-0.00254676337600224
-0.0036069570270657
0.000666239740151564
0.00785021227317251
-0.00130312388918663
0.000466583304066237
-0.0016874247251959
-0.00331523678888757
0.00209847530110863
0.000970626653607587
-0.00345464206643842
-0.00300101558945964
0.00755956036668104
0.000113776575349833
-0.00220485963744188
0.00023606152498612
-0.00513052441106998
-0.00134600221978276
0.00164675734120479
-0.000579523550290006
-0.00267232853424726
-0.00365938739112237
0.00315407391137446
0.00321312015063935
0.000533790495730435
0.00435641543306409
0.00149041085047774
0.00263766540121479
-0.00378020524896228
-9.45896581533434e-05
-0.00201975092093021
0.00152610024773459
0.0044597326325948
0.00621286762009754
-0.00185222056329049
0.00358419312839786
-0.00179621567329813
-0.000745881299911488
0.000453644098861283
0.00103283788452169
0.00686557038810309
-0.00425891953712632
-0.00127237912902567
-0.00220429231904862
0.00267831381910377
0.00511653300100645
0.00287174376070032
0.00125699522061762
0.00168007155813255
-0.000950094103578047
0.00159534403120465
0.00090853317713957
-0.000559810007366934
-0.000289134446720074
0.00437658742354197
-0.00298003461100649
-0.006775292381202
-0.000416863040965887
0.0034860269414414
-0.00312596040641533
-0.000649215849814588
-0.0023899164058383
-0.000614654770898615
-0.00208281078192685
0.00162666431793435
-0.00226364235764598
0.00634820738038089
-0.00030841561261119
0.000854454951080386
-0.00391371100831284
0.00389681801412556
-0.000573326282703457
0.00110237042687256
-0.00413208979204993
0.00504930815928606
0.00525370294700622
-0.00488621036223391
-0.000111996854437191
0.0026761494365839
0.00165436715557121
0.000813791311781387
0.00320430640210478
-0.00403204932144718
-0.00353696974002626
-0.00349602848950836
0.00113760165093024
-0.00180492523405651
0.000408396136530986
-0.00325700822612884
0.00470836230982852
-0.00122569769782277
-0.00189443986407078
-0.00646182950072083
-0.0058899101361104
0.00500779166382059
-0.00243738271422655
-0.000392661168599706
0.00240340126113803
-0.000208224605344864
-0.000272776310973999
-0.00332715334144751
-0.00272295749270934
0.000446089453470799
-0.00328171121471132
0.00184600490439801
0.00179471121803354
0.00111930845026309
-0.000244645027916102
0.000139232155436986
-0.00299184727678303
-0.00118873504221706
0.00661305511657306
0.0012939044491681
-0.00322896140513018
0.00196093244489981
0.00178878963405038
-0.0027191677490348
-0.00141687110883248
-3.91497093433779e-05
-0.00216731539682025
0.00129858478035538
-0.00107770941946317
0.00254276360056793
-0.0022999657274958
-0.00477199664207839
-0.00371716660482668
0.00462817344008337
-0.00313066514570393
-0.00441690611379997
0.00396326392844548
-0.00319761483062331
-0.00410215701371297
-0.0025474640458556
-0.00413878832998937
0.00236374482601909
-0.000461004913279273
-0.000994285610206869
-0.00133133882339764
0.00139422829490288
0.00125019757487865
-2.59383687559733e-05
-0.0012876454453683
-0.00133624866192761
0.00508062311575663
0.00123934181199448
0.00131229258895271
-0.000256923530703168
0.00408698517249972
-0.00178586648192147
-0.00328904282465814
-0.0027509325709395
0.000496856453536476
-0.00259200892051759
5.3235161816545e-05
-0.00215608070761553
-0.00411462320007494
0.00722921324433412
-0.00112617609447641
-0.00226633076036242
-0.00385044162329362
-0.00317949220191704
-0.0014004983172663
0.00300304181605271
0.00130469238039066
-0.00468029783430302
0.00831950424461803
0.00195827221600797
-0.00210334181897254
0.0131504820131721
0.000987206246096273
-0.00191622325087204
0.00326059241048393
-0.00212501936844711
0.00228968641511773
0.000518592475221458
0.00144373174076995
0.00114682409421818
0.00221008725934657
0.00431010771292129
-0.000296641347070636
0.00709210892504308
0.000367732113587649
3.9331289498068e-05
0.00316027685898623
-0.00150373449996799
-0.00197565010051914
-0.00175893742946764
-0.00391423071768382
0.00133365034057198
-0.00133777232879218
0.000660051828607067
-0.00362423572508841
-0.00252194240639991
-0.000843425600839276
-0.00258320307047932
0.0025868670067839
-0.00199452397388866
0.00388400784931819
-0.00321140636991557
0.00535463680734183
0.000617225410998734
0.00687791579949615
-0.00386020755545791
0.000395082544108583
-0.000671679755384957
-0.000509574956727654
0.00155965257493618
-0.00048154922620125
0.00253559435418194
-0.00136031677993687
-0.000261339289936879
0.00426404080522091
-0.00529302233240658
0.00232504585101634
-0.0034883230704077
-0.00271548641440278
-0.000617825960201324
-0.00293149552913785
-0.000352212148347908
-0.00328593974184954
0.00736674350765387
-0.000615700337260106
0.00213227206550692
0.00302896383970397
0.00165373788425083
0.00264228115816523
-0.00187127745484816
-0.0026814698447496
0.00220434453230611
-0.000289089198681758
-0.00110419747570345
-0.00158428785069487
-0.00817663319990602
0.00774830756351408
-0.000144548254599974
-0.00280420924349511
0.0012653278932635
-0.00606715675010783
0.00485159209703523
0.000568700291732505
-0.00299137625059931
-0.00498646969201899
-0.00313811288255583
0.000528444451007082
-0.00173815004015321
6.71099437916656e-05
0.00209050767338237
-0.0003215183451446
-7.24731838982473e-05
0.000261576316040402
-0.00105509188680319
-0.00359757434595476
0.000668334334585907
-0.000211077278627458
-0.00227173065695541
0.00315137281251876
0.000513104725255786
-0.00160769366666191
-0.00256348394541328
-0.00356968850897954
0.00196010421484316
-0.00319163961426816
0.00254290602815299
-0.00121011992236042
-0.00115287577052603
0.00076457237736105
-0.00252973727544337
0.00038192322361652
0.00285078095985325
0.00141729471712904
0.000216660909765909
0.00329009162441796
0.000332673325050048
0.00562142567598323
0.00663076181864009
-0.000466837339354487
0.000242075208729542
-0.00535930953560504
-0.00129019796957919
-0.00334315215611292
-0.00111397859224227
0.00436583974288141
0.00207328334691836
0.00927845487227597
0.00457343813577016
-0.00198205018063113
-0.00177215381562257
-0.00133403390412867
0.00492037590005812
0.00992562638756334
0.00166468898147498
0.00144358103300735
0.00104577071109691
-0.00416043549337985
-0.000141897682221059
-0.00259917459548287
-0.00149758094509966
0.00211949072744066
7.22563701431866e-05
0.00981062478853711
-0.00081059848161924
0.0011997264964867
-0.00719579420810701
-0.00171427316500838
-0.00156170831709734
-0.00320497232703965
-0.00222603633727791
0.0023557834972826
-0.00217504566779714
-0.00485308828077258
0.00518826865597743
7.63111586269405e-05
0.00387801240168406
0.00342906895261363
0.00264577670154464
0.00141989795271302
-0.00182315999521709
-0.000990446116166832
0.000402571635372495
-0.00248206835296083
0.00915560998678255
-0.000969280026467234
0.00254933679855507
-0.000963241297972317
-0.00417032110335869
-0.00365838082358316
0.00018080854073077
-0.00205379648330373
-0.00161506109607745
-0.00185230323888907
-0.00354866357610217
0.000156232954020785
-0.00135761700777581
-0.00217203357299089
-0.000431757351573525
0.0016056003204733
0.00122817838748679
-0.00182761401643272
0.00083379862662003
0.00323412792076494
-0.00053418684847506
0.000728175581761858
-0.000804619670098039
0.0036233687029521
0.0032295543645543
0.000529646144453166
-0.0021086054114261
-0.00375696541618531
8.37528930045517e-05
-0.0053367419508642
-0.000490173664949856
0.00055847543929477
0.0039715044529165
-0.0067143707332149
-0.00331918465893988
0.00177593729022507
-0.00249215732988672
-0.00499052048002879
0.00692988553164009
-0.00236493266828586
-0.00242607769690151
-0.00257011537072149
-0.000418713570389917
0.00588404092610606
0.00413082255727426
-0.00230914079130329
-0.00310644148921635
-0.00701289814010775
-0.00042823878610232
-0.00359445099406341
0.0047397469929098
0.00324765055201193
-0.00221847380701123
0.00840619290612021
0.0030262390218001
-0.00567405010637401
0.0031974466364324
0.000586013571628241
-0.00311244022553081
-0.0009083402098371
-0.00277672752963876
0.00230610884909832
0.000677677559604017
-0.00332206594442785
0.00424574131437983
-0.00408162254022681
-0.0041556834508093
-0.000551182876217249
0.00242177851047687
-0.0017933138580829
-0.00126348176024105
0.00327377323930556
0.000878763673784255
0.000155053273137695
-0.00363405543196316
-0.000938670833123045
-0.00236495820613236
-0.00163847345363155
-0.00200222961689156
0.000585291453939929
-0.00123010310920879
-0.00101584264956645
-0.00213182258131517
-0.000969224577830774
0.00735804898029824
0.000892028388264743
0.00014541067705709
-0.0045364259097489
0.00836442120531611
-0.00198007834672242
-0.00126472011634959
0.00195280817755816
-0.00146864705798078
-0.00230133225336837
0.00132044681279864
-0.00424048988610048
-0.000315657136906955
0.000339195981633789
0.00304062693032048
0.00353979435570839
0.000523269974710638
-0.00533680732784547
0.00348190699472106
-0.00253275856701074
-0.000990030169013112
0.000676859247536798
-1.91567416989447e-05
-0.000250588801599894
-0.00177082316554011
0.00742070789290761
-0.00115787327650541
0.00269277117807498
0.00298938479315825
-0.00475087202539659
-0.00307357462224866
-0.00121988490383529
-0.00261349329004801
-0.00447097414200592
0.00523479654026671
0.000193295088724121
0.00408408035415497
0.00271875007354572
-0.00360287513476643
-0.00275465638446193
-0.0023093703298398
-0.00348840382992577
-0.00198513439016379
0.00126368213068917
-0.00114176392986931
-0.00608839107744141
0.000887784504952194
-0.000149480786720946
0.00190226709610564
-0.00226385569827747
0.00162743174318514
0.000575531050088229
0.00205142725449903
-0.00019060937427684
-0.00354677134233616
-0.00292897904928846
-0.000253601433385486
0.000555406997416519
0.000187422339453569
-0.0062347213647399
5.93069273253644e-05
-0.00324074848721656
-0.000731519242486822
0.010764424351836
-0.0010372953371105
0.00656284582239575
-0.00199321675924125
-0.00286808517600567
-0.000710336576672299
-0.000477495236285042
-0.000804359564777646
7.17522575470753e-05
-0.00373980877792002
-0.00169463450367391
0.00661707335299255
-0.00271460434502035
-0.0030430569435298
-0.00157997833212054
1.42094804030934e-05
0.00224880625494184
0.00152429013051203
0.00307799218526728
0.00414563760087339
-0.000575947654772313
0.000918401687178383
0.00162540061498628
0.00276199259825249
0.00318019103563016
0.00145004595061793
0.0013560974251452
0.00530272944274546
0.00323380471600454
0.00671284352633383
-0.00109789060310606
-0.00166929880218492
0.010080629124705
-0.000227485073770683
-0.00351449926597469
0.000385981192075335
-0.00142044901730953
-0.00286976884602019
-0.00236270875934752
0.00144107590526144
0.000719307524934876
0.00281100972138071
9.76618553930608e-05
-0.00480353859777216
-0.00251317520932848
0.0015368761266874
0.00134728425418817
0.00143502617773583
-0.00132276857664593
0.00213129712730498
-0.00344027189791973
0.00015211646399893
-0.000426569686193368
-0.00503752373486555
0.00213294048479207
-0.00320286175131068
-0.00370230635380664
-0.00254418950191282
-0.000503635266218549
-0.00323173356474005
-0.00328117300242825
-0.000952577199414772
-0.000476126676314914
-0.00208101672660843
0.00287523731420514
-0.00040514124082236
-0.001416492729857
0.00236703933247151
0.000873566864376341
-0.00350957826330023
0.00523772605088169
0.000712035024833413
0.00420376831236025
-0.00370685959847561
-0.00435549644754729
0.00442477857686019
0.00495304593481904
0.00124201362343357
-0.00182019588690552
0.00288070848491417
0.00100670881683096
0.00765925810459456
0.00150411792946459
0.000445031030348209
-0.00335200493728305
0.00182413275017912
-0.000574171769427201
-0.00119247824610547
-0.000928194066153298
-0.00646176676430321
-0.00294518673314159
-0.00424249463428916
0.00423106506306803
-0.00175842006106042
-0.00285918590569012
0.000413910416064756
0.000375603358091836
0.00054144915579879
-0.00321259574695276
0.000467232928007877
-0.00471372470780695
0.00751184127803561
0.0037516902674769
0.00312604629596502
0.00116670328778867
-0.00135130752063506
-0.00225840456579629
0.00349115351834772
0.00217472924569806
-0.00182021803403398
-0.000628674614328584
0.00402141935596767
-8.7158791354236e-06
-0.000743395553381876
0.00113364792576076
-0.00512631620213144
-0.00243947110584797
0.00547040811370203
0.00283407259633406
0.00361181764959129
-0.00386748889470412
-0.00224555390649617
0.00141311129640953
0.0050777592699659
-0.0012628958437837
-0.00303093906363738
-0.000790610913851797
-0.00178484187142802
0.00184126263950113
8.98944747429464e-05
-9.58584282828578e-05
0.00111466037506858
0.00051055612424622
0.0023915623210834
0.00119929013235021
0.00312108759080632
-0.000110457939323183
-0.00043950960246808
-0.00245135581759925
-9.37834543432992e-05
0.00182190732174836
9.59889002971615e-06
-0.000114047674837803
0.00768809055218145
0.000212355149717958
0.00436366378537512
-0.000660125169846926
-0.000777409427901499
0.00526173760828974
-0.00624266270227136
-0.0028058740675011
-0.00569434991562989
0.000813913577566994
0.00605966315899298
-0.00142169669316683
-0.00233836453185809
0.00492090824001523
0.00209069949444318
-0.00200048641821204
-0.00397827941854112
0.00674624863108753
-0.003858309567354
0.0036785848849944
-0.00096376844171997
0.00132555543011204
0.0011262992257387
-0.00101697400466094
-0.00311865184396976
-0.00216651070967377
-0.00339585388980712
-0.00444567099380588
-0.00158462955575023
0.00193147172285657
-0.00630940553284409
0.00474823568041904
-6.45468986415487e-05
-0.00258209489329697
0.000305956008952557
0.00219874873936277
-0.00153193968441301
-0.00322596896794614
-0.00336304842429125
0.000429342054941162
-0.00224498939022766
0.00347300891393432
-0.00200753158827394
-0.00471392911739166
0.000190331486495054
-0.00263285075301511
-0.00209555774127967
-0.0026734059314788
-0.00246886538192537
0.00178383612407795
0.00309223780949985
0.0058794420431153
0.00112869511412994
-0.00259257718381112
0.0110777908889235
-0.000985536955093291
0.00206499995254628
-0.00105355075193958
0.00153824210077991
-0.00335617044003089
4.77736667531259e-05
0.00502831206107734
-0.000817991027729614
-0.00234989931648
0.00117085572960773
-0.00301877043968768
-0.000664821020549433
0.0088395887058369
-0.00402738858904206
0.000914047590935829
-0.00161772682107131
-0.000749459718312639
-0.000652890826753239
0.00226231314227787
-0.000132381884980215
-0.00441399229548323
0.00596975590943127
-0.000815262786100446
-0.00277487166644286
-0.001133064358249
-0.00200739216346668
-0.00236022838280903
0.000358084351512411
-0.00433386663166524
-0.00516694678903618
0.00346683474395137
-0.00125152754299873
-0.00284524196198832
0.00221129340001758
0.00052361403576584
0.0030433600399713
0.00537558273205352
-0.00185131678583428
0.000706287015140528
-0.00348430606268746
-0.00281899399143593
-0.00130865051434004
-0.00389846395867166
-0.00136277060207679
0.00121134990019889
-0.00155437278996962
-0.00287696678201244
0.0021593402872041
-0.0042874184564351
0.00396493016220967
-0.00667408754505394
-0.000417636323684967
0.00302516927752394
-0.00386654483778803
-0.00233374023592581
-0.000769308359142684
-0.000774842844911694
0.000151794817770834
0.00744025972841889
0.000336793669569513
0.00752598917336977
0.00413583610282109
-1.05880544831738e-06
-0.00231861537664069
0.00135427721670933
-9.15670936959545e-05
0.00479793489532843
-0.000171871504141885
-0.00465793112231649
-0.00202699603630996
-0.00316792119256848
0.00508706282890237
-0.00188314485315821
0.0011686936723373
0.00106983435899166
0.0061770376963286
0.000848528310763985
-0.00309662056807913
0.000542852688434126
-0.00203054222368826
-0.00259523074725421
0.00164457258205186
0.00488051332948658
0.00699244440427271
0.00149307629231121
-0.00185298064564721
0.00571307359532414
-0.00109094362545847
-0.000466684639541359
-0.00195999144452763
-1.94505296878811e-05
-0.00317539770941544
0.00570481187806737
-0.00274033659360562
0.0048764776625384
0.00207376628577627
-0.00316052635932407
-0.004514695835518
-0.00226955640693027
0.00156141348852534
-0.000535184743827744
0.000800703415160253
0.00433629426670967
0.00238540809699683
-0.000894191224048213
-0.00214278133788881
0.00290274561426995
0.000859896312468966
0.00650013485615586
-0.00141990020827365
-0.00057011188634426
0.00487213919496754
0.000225753132439666
-0.000923476497805553
0.00381592270123843
-0.00169999522680297
0.00197372994113687
-0.000126109791708462
-0.00198540009477322
-0.00283553897506117
-0.000520392241113554
0.00519179937433267
-0.00170577376933134
9.45002883495638e-05
0.00617051008648895
0.00401360639605008
0.000976909250852698
-0.0039915738361781
-0.00185538380774364
-0.000524449518004122
-0.00271089180821638
0.000349953048374041
-0.00359756838376812
-0.00123247307989716
0.00880325713958185
0.00650899561111185
-0.0024153419327938
0.00148077016617676
-0.000351526417605164
0.00244692016957382
-0.00162122747314675
-0.00149223310283597
0.00320577003230216
0.00746176179057267
-0.00163306882449343
-0.000400940173688746
-0.00464868771449989
-0.0015520159918111
-0.000562064041253696
-0.000695269626886819
0.00100734819265236
-0.00315522963149772
-0.00216059840473037
0.00153363441075893
-0.00150519167453944
-0.00305477624952144
0.00268363069628075
0.00343261330585687
-0.000373417641093332
0.00536888062833774
0.000654370967900331
0.00215108714911127
-0.00272651805722368
-0.00449782170712354
0.000428123255802104
-0.00242464514668772
-0.000764274890719063
0.00260677227463757
-0.00128739452270044
0.0036088269841752
-0.00173420180508077
0.0022099770337749
0.000440140654274668
-0.000420397217114621
-0.00119371831903647
-0.00508890137475304
-0.00434709793103505
0.00488016336793706
-0.000654613012943561
0.00817674881580233
0.0044782567956837
0.00156520934606341
0.000892498826547516
-0.00303891860719607
0.0017858368093655
-0.000388645474555527
-0.000409229518107512
-0.000550947817278158
-0.00310956417735131
0.005914241159791
0.00721942323871771
0.000269465605370445
-0.0014931519190241
0.00568624010570451
0.0131958654622755
0.00801256367882575
-0.000737865367918977
-0.00123598989061435
-0.00483920462363241
-0.000966590023089298
0.00020010932322001
-0.00232194904361838
-0.00148644724681979
0.000436729292251803
0.0043337791331155
0.0007394815887527
0.00175766381983566
0.00665657048097379
0.00477628923879625
-0.00622865922680771
-0.0035426832263975
0.00422921505783747
0.00121926383769078
-0.000367834058444316
-0.0040838002900182
-0.00358297654497153
0.00615248139567559
-0.00147830534530735
0.000981229568499664
-0.00128896343579377
-0.00195517124817912
0.000236764247903642
-0.00157624327715056
-5.19573738111401e-06
-0.00228823955531743
0.00227854247739745
-0.000182334947781637
-0.000881240526244387
0.0080659622281648
0.00117964807984228
-0.00278019832952203
-3.66344906932436e-06
-0.00418291215750322
0.00314170324759067
-0.000438227554448223
0.00575545689037693
0.000459756362547692
0.000174217270757726
-0.00289043332940275
0.000724551684876396
0.00098701450100791
0.00207281010323412
0.000603227169419518
0.00110316758302953
0.00182296455266195
0.00290652343565179
-0.000969710255381617
-0.00100355860817825
0.0010088921058018
-0.0033013160123837
0.00435860939566746
0.000214804615507158
-0.000216052368812281
5.53842628731038e-05
0.00446678131114098
-0.000177293984842897
0.000695790223274928
-0.00185756829027783
-0.000826967122068978
0.00174013702900522
